1.325754491398688506e+00 -3.940808172250531011e-02 8.567279757695589471e-01
1.112677978317759137e-01 -2.373885585421790789e-01 4.359883399763930245e-01
-2.953268847795455510e-01 1.589900189560826238e+00 -1.938851219952754737e-02
4.832409649588660927e-01 -9.640647225194052261e-01 7.357317789437133326e-01
-2.528244253819973975e-01 -2.580782374753374242e-01 9.440745745161345237e-01
-4.597939862071163258e-02 1.093838557532561317e+00 1.060639940727913899e+00
9.361169829619572225e-01 -1.027202451370611724e+00 1.513982192568432729e-02
-3.471536600782454962e-01 9.638765313096040455e-01 7.270791171852072354e-01
-2.846531938424993746e-01 2.391039772150134191e-01 -6.956346613279629221e-01
-5.548796435108607206e-01 1.336106948374083725e+00 -2.176456560717763722e+00
8.283900359901782418e-01 2.479193986240916914e+00 -1.014283132661579989e+00
-1.056676391293186912e+00 -2.508496769482753130e-01 1.035849246224840536e+00
1.387668942213051926e+00 2.319736802277030940e-01 -5.632875368823300199e-01
-9.965559776681034432e-01 -9.290887817696409368e-01 1.048404715111070917e+00
6.401996141293055942e-01 -1.702597452648188403e+00 -2.659424953233022748e-01
-1.484740402258805547e+00 7.740942746261447738e-01 -6.626317925418239163e-01
-9.058356955459236914e-01 1.270345954343876427e+00 6.098205999771026953e-01
-3.115753306463394656e-01 -1.067779884216002673e+00 -1.016563799035722360e+00
-7.654659268963333041e-01 6.101599689297240899e-03 1.119900227233195267e+00
-1.147238187517151120e+00 2.078134120345777880e-01 -1.451769262278823913e-01
1.551186152017762998e+00 -7.235372121161489645e-01 -1.015374576795746719e+00
-3.825176669554882225e-01 2.324365701236276172e-01 -8.853011834764001886e-01
6.994916045665708904e-01 2.799526934250123889e-01 1.299942739451060536e+00
-2.158445081346684447e+00 -1.144991054531985464e+00 1.648423581675022842e-01
-5.518589311587155377e-01 1.775467085682316037e+00 -1.870791054033524414e+00
-5.842440737876679613e-01 -6.990591174172486877e-01 6.744246491028340618e-01
-9.870435234219179232e-01 1.160059021442018251e-01 -1.320636208628171326e+00
1.059187895810959512e+00 -2.037109248544969109e+00 5.135429652678844548e-01
-2.087812885696148868e+00 7.660195052898272072e-01 -2.173364483156436489e+00
-8.677425365125365220e-01 1.675223692917131579e+00 -1.310784372409813381e+00
3.193397507357027543e+00 3.820036335734954491e+00 1.530347742549753309e-01
1.471717278867206158e+00 -1.421941960727651777e-01 1.214124468294242032e-01
1.366294764752513213e+00 3.446026913997333740e-01 9.544855771228589747e-01
1.617455436829682958e+00 -1.300254448351360503e+00 4.185922310687645309e-01
-1.680846690557199041e+00 -8.866044723864240085e-02 -4.233270287811832094e-02
1.064346752093195070e+00 -4.949276880421289437e-01 -4.704486867359049078e-03
-5.879363951823765033e-01 -4.272028452752777983e-01 1.155999919260016773e+00
-1.791883512165268755e-01 -3.099884272345957981e-01 3.730115556605229088e-01
-1.182011745997241237e+00 -3.317444522742165613e-01 -3.117997753551142170e-01
-1.579035989704522081e+00 5.542786870713666270e-01 8.864995395929047284e-01
6.303454705164242000e-01 2.128843467594867395e-02 -1.154934670037846001e+00
-1.070777299257603121e-01 2.588230917587992508e-01 2.974046287665975674e-01
6.088985590527958847e-01 1.054499604799725709e+00 3.340938162209078910e-01
2.035810576532644856e+00 -2.858110836304489921e-01 -2.161890174911606233e-01
-1.399285425072662292e+00 2.083255510214473194e+00 6.218847974125279142e-03
6.387401852039674699e-01 -6.144913309827547687e-01 8.697891707000184880e-01
1.944649603968763296e-01 -6.842844113895298896e-01 9.669227900609415061e-01
-3.685083308592369128e-02 7.881597340560583254e-01 6.942343947530696391e-02
-1.263648783024442279e+00 -3.117836812105089228e-01 -4.388777926668964713e-01
3.783980841338731582e-01 1.352100019836780076e+00 -1.244289956789076834e+00
4.306174134578593660e-01 5.389056327665763257e-01 -3.010659925514680979e-01
-9.000491169716332562e-01 -4.315034027526123417e-01 -2.153346018464286915e-01
-1.655023191687708728e+00 -3.506639028645892192e-02 -5.907743292986761263e-01
-7.933437726206660212e-01 6.317431788829234174e-01 -1.655572125036704895e-02
1.475463284848773871e+00 -2.469887879453477986e+00 2.053306959299310286e-01
3.410617599124614041e-01 6.849119623957934389e-01 -1.199845571931754007e+00
7.497981158515920619e-01 -4.925244280017617160e-01 -4.769237306805308996e-01
1.723361707701805523e+00 -1.287618160976899295e+00 3.105234933485127510e-02
-1.244699015750319049e+00 -2.646714438384232260e-01 1.693817492457592389e+00
5.728710942473634882e-01 9.094098500656001560e-01 -4.914213487136149805e-01
7.903126254769944348e-01 8.775492650939951123e-01 -7.922465543057285453e-01
6.310204274533935676e-02 -1.745476354722863332e+00 -1.077041442933979853e+00
5.225729836141653761e-01 -7.126565479504736178e-01 -3.104839537674495276e-01
-7.953004007864061808e-01 1.970514328164186812e-01 1.077822183426593750e+00
4.955567600141643769e-01 4.498942632203976610e-01 1.083484671376782060e+00
2.989765708484589113e-01 -1.068092953373730891e+00 -1.007015369181559317e+00
-1.256334861292032201e+00 1.052308175683509317e+00 -1.384832793730874201e+00
1.078013267347466497e+00 -7.452029171215867054e-01 -1.193729177498616734e+00
-2.068755189871020750e-01 7.943788311745959563e-01 -1.483653578269480411e+00
8.348231241355222876e-01 1.206206250397209023e-01 -7.180910616934096380e-01
1.610937855768635463e-01 4.214276884464448480e-01 5.234017339765414389e-01
1.046951830316075416e+00 -3.734459873926491147e-01 5.640235014300395422e-01
-7.032357631393176822e-01 1.020664457386466634e-01 1.570640775013613100e+00
9.485480027423468519e-01 -5.220348261996582417e-01 1.118091357174856082e+00
-9.811594581416324123e-01 2.186238721799103890e-01 -2.573800167991576515e+00
-1.374610142945504654e+00 -3.946797846477313743e-02 1.129196719413447569e+00
7.765114628732545654e-01 -1.182277219978287830e+00 -6.172426605078392692e-01
-1.366184716732305793e+00 -2.737886832884509070e-01 9.974425816830250202e-01
2.367610897173192674e-01 -3.264839466754302366e-01 9.185172534184160575e-02
1.038201018384684871e-01 -1.724224455138707313e-01 -1.695317993158400594e+00
6.675915067741039488e-01 -1.384978524880174033e+00 8.475783841033305288e-01
-2.349335999441534151e-01 -3.427031678775849799e-01 -2.339294411708439103e+00
-1.352625497678207944e+00 4.840052953857950091e-01 -1.969160561039685342e-01
-8.534254368502006693e-01 3.998296845722508208e-01 -8.750776716523600562e-01
-7.573704609119410458e-01 -3.129126820885049787e-01 -2.989353677329462805e-02
-2.884490936254335391e+00 -2.540932053124866030e+00 3.883915784402825477e-01
5.158860065980060972e-01 2.053902017785082523e-01 2.167864310765566849e+00
-7.460315376693500422e-01 -1.531051012473378103e-01 5.461973903173306111e-01
-1.359669589152611158e+00 6.703813732611805243e-01 1.553048080249399998e+00
-1.102058860713263089e+00 6.352909694134147855e-01 1.136139263442757841e+00
2.158235832825106559e+00 -8.894958311455509747e-01 -1.224868593531665689e-01
-1.800980768373492968e-01 -1.201752136279525818e+00 -4.138433168376148830e-01
-3.797018118738267334e-01 1.478631764138289562e+00 1.996380621347410012e+00
-1.997433502689911267e+00 7.917696975577209750e-02 6.992666857162950222e-01
-6.708506871471716648e-01 -3.181870238960478603e-01 -3.609035187584563320e-01
-1.105002420068307956e+00 -4.915569035050246782e-01 1.392057088410529220e+00
9.261389044096783874e-01 -4.435784895983206910e-01 1.222636795278047472e+00
-2.482023293612979908e-01 -3.998734847825791694e-01 1.716066471199813037e+00
1.124381457692917863e+00 -1.417286051724170326e-01 5.813206214539629046e-01
1.923784849006378583e-01 -7.268277683620664176e-01 -5.050408739833048832e-01
3.586296696805165496e+00 2.642957978358800863e-01 2.099929789900959243e+00
1.441449533335079636e+00 9.765332175095875478e-02 9.101829502064773258e-01
3.506292102640374164e+00 8.964705310339593503e-01 1.699067374886492066e-01
2.795529449694440061e+00 7.863270410040839042e-01 1.071734521101491477e+00
7.841902293100859733e-01 4.112368636656569265e-01 1.716663801287969804e-01
3.498821589325640247e+00 -1.439338850289869187e+00 2.191976014046819632e+00
9.685078232571762147e-01 -9.329404921840289688e-01 -1.289220285069482941e+00
1.453062654655753239e+00 -8.408148520657535707e-01 1.823877600400301002e-01
2.134874873705900011e+00 -2.111748888057417561e-01 -1.700352133228798968e+00
1.507906617581471709e+00 -1.210437296175990163e-01 1.645172218744565651e+00
2.998657668106331720e+00 -4.966149753759729335e-01 -4.878611735291791818e-01
3.021992879547111155e+00 -1.088659410722415011e+00 1.156087139210173698e+00
1.584285709330586656e+00 -2.060755566944306061e+00 -1.952059082794889711e-01
2.188416885687867630e+00 -1.035852713345029041e-01 -9.087474982530494572e-01
2.224415694064569848e+00 -4.317269296274299784e-01 1.700418117678526686e+00
2.616454757315735069e+00 -6.698258640671387321e-01 -4.354498858690501462e-01
2.416984601958308332e+00 -1.132263708080389453e+00 9.768035006900965822e-01
2.047817091581905835e+00 -7.137026004467044160e-01 1.049357044091768554e+00
2.722178616210829460e+00 -1.248245530598480535e+00 -7.743073176463277640e-01
1.100434793954570889e+00 1.208314849789247081e-01 2.696887883968356325e-01
1.828447699597750331e+00 -1.471760497523282307e-01 2.236802645751384322e+00
2.588040373324564047e+00 -1.210677002820748083e-02 2.022365168681773684e-01
3.027355191972431747e+00 5.223601720149546601e-01 -8.633851519185136159e-01
3.589329727869381426e-01 -6.643909171835148397e-01 -4.760922496243024660e-01
2.313427630299622173e+00 3.236838278241672695e-01 -2.038060019133010603e-01
3.985047251718373040e+00 -1.214113517972358114e+00 6.023182146216239374e-01
1.576142702604463430e+00 -4.448932572671604468e-01 1.282849629712487172e+00
3.785518013316631070e+00 -1.814667824087476511e+00 -8.826121647224460798e-03
1.841377239669229393e+00 -1.376296154736565747e+00 -8.014435818161769198e-01
3.018442892648101061e-01 -3.499007404341524796e-01 -1.016860291981237507e-01
3.068113150111991594e+00 -1.111971137346778660e+00 2.869737151590612267e-01
5.035514742287350298e-01 -8.829750109985021744e-01 -1.845525616175084815e+00
1.738915925254250761e+00 7.497309406995771308e-01 -7.867842714783912506e-02
1.679319626730483517e+00 3.478259746208545167e-01 4.789627335729887969e-01
1.497135146096756131e+00 -6.284290516262652782e-01 7.430747731493421160e-01
2.795331088666838770e+00 -3.064284082191361946e-01 3.427170255030608237e-01
3.372489409534914717e+00 -2.003464059613269121e-02 1.020026094258277505e+00
1.579438652035732416e+00 -1.070885779346822941e-01 8.218573838263791842e-01
2.568068806688874162e+00 -4.225058757339255622e-01 -4.467380552651443737e-01
2.387649148623202322e+00 -1.293630835957106928e+00 8.654040360994947889e-01
1.656780782017502007e+00 -4.178282677466716999e-01 -4.992632536475941074e-01
4.170514611783317172e+00 9.966492672769955430e-02 1.387916440616737468e+00
2.160143165550442834e+00 -5.890455991844378847e-02 -5.126617970525038093e-01
7.887325774502680353e-01 -1.582726858181893625e+00 -7.899466629843948651e-02
2.158857962084419047e+00 -5.806449420462567179e-02 5.619734681922539110e-02
2.011419190896215792e+00 -1.590591677772621004e+00 7.431742516743861104e-02
8.134156032253951896e-01 -7.547603957960820065e-01 1.472942650455891234e-01
8.431135761090453595e-01 1.158212459825535445e+00 -6.330349205085212816e-01
1.693677343517555389e+00 9.300605165246833561e-01 -1.375765134433452608e-01
1.390761452253732600e-01 -1.857485346856500685e+00 2.297099145960456390e+00
8.597734375299268539e-01 -1.351231397330950657e+00 4.760319593712127872e-01
4.284290595363295040e+00 -1.665971929566191889e+00 1.603336261865864476e-01
3.999557333021238392e+00 -8.180445117891015361e-01 1.726128186004766363e+00
2.452436926978849296e+00 -9.970408215536805674e-01 3.939561309235249387e-01
3.454170589771382360e+00 -3.849467881826587057e-01 1.462071896150806127e+00
2.161625590541843334e+00 -5.893266245117725344e-01 6.929590950117969772e-01
3.617199585217477420e+00 -2.687223842898031734e+00 -2.220469872090600649e+00
-1.069843296544625844e-01 -1.043129358844528731e+00 -1.210828980958828849e+00
3.336476662315146946e+00 -1.722356087674189018e+00 1.318874482388977531e-01
3.047219682544973995e+00 -1.435240288162860756e+00 6.574870693405863165e-01
1.687047210213914905e+00 -2.647264123604667674e+00 6.551660443105531417e-01
3.834188699902867370e+00 -7.195335966084298596e-01 1.935076537253666296e-01
2.240979983649878271e+00 -5.871549299718710202e-01 -1.425546747592820296e+00
1.939320395522207585e+00 1.243735397578005442e+00 1.517482422498383499e-01
4.939569043054922837e+00 1.304609790010816672e-01 -7.238749227403287190e-01
2.277138741599214367e+00 8.789266215131554816e-01 7.458641822753011574e-01
2.130022313366701336e+00 4.488093206085912446e-01 6.067909378983776802e-02
3.048025450260963609e+00 -1.388067673613051944e+00 8.370859461178319361e-01
2.665802997165591215e+00 9.279520109084902213e-01 -1.341932836873084955e+00
2.757895873572409506e+00 5.493257016988297714e-01 3.894219189445470297e-01
2.463773428329789184e+00 -2.556434954781829916e-01 4.251043874219521124e-01
2.939462764991746191e+00 -1.081747727398529202e+00 -8.242501805005642002e-01
2.616702768340054330e+00 -7.709511383983329580e-01 4.678281183384556119e-01
2.253089101419880613e+00 -1.678164102776039668e+00 6.254021316325559798e-01
2.249608396933266974e+00 -1.962153662205971538e-01 -1.639892735290188863e+00
2.081934750586240224e+00 -1.052385476687859756e+00 1.124188612026785439e+00
1.957900201552269071e+00 -3.068400969995659366e+00 2.972702601106849141e-01
2.984165067360485146e+00 1.417988483019744228e-01 -7.960896249746873821e-01
1.678365610024439292e+00 -1.291822370044651391e+00 9.046704170676647117e-01
1.347768259239178423e+00 -1.108820049853305845e+00 1.756841052927784919e+00
4.221456887202004182e+00 -1.112195517019651803e+00 8.854717521797139668e-01
2.216025213653871173e+00 -1.179460958628485212e+00 -1.287236713488951745e-01
1.484562074558472888e+00 -5.665862289081615710e-01 1.404568696283911899e+00
1.888889878840452674e+00 -1.283921734277218007e+00 -7.597091666705699797e-01
3.448945549543764422e+00 -1.185938746203429872e+00 1.863208458874054507e+00
1.733908172975551887e+00 -3.115050783355396424e-01 9.797972256046083572e-01
3.027909569338253615e+00 -2.286865189415724142e+00 1.018224441385065182e+00
2.881794881323292312e+00 -7.710915307594297108e-01 -2.665392648342179704e+00
1.791708323880682574e+00 -2.287370270553797713e+00 3.415196048968577314e-01
2.241260242157996352e+00 -1.730063257361314166e+00 -6.933886364527599433e-01
3.991811260710537823e+00 -1.530824747015712362e+00 -1.070586995560118826e+00
3.030680918097812260e+00 -2.513540242801437063e+00 -8.371156189627976252e-02
2.897369065684372913e+00 -2.398816552902887089e+00 1.505023866655119225e+00
1.859773815621107440e+00 -2.741584536990671062e+00 5.484327469060357174e-02
3.707893435217932687e-01 -1.412372268421758559e+00 6.436401338178450171e-01
2.769992427267911062e+00 -2.684525260226501286e-01 -3.131678593292806512e-01
1.025311232867798461e+00 -9.376680326291684242e-01 9.056344877027826534e-01
1.042013885367932824e+00 -7.824944005518869039e-01 6.939640802986012380e-01
1.490860728283421199e+00 -1.591210690641955638e+00 1.361009708789522099e+00
1.132628072209201475e+00 -1.139489608913645702e+00 7.198786653831699134e-01
