6.641522942187046974e-01 -5.560830647199146298e-02 1.228412239712282528e+00
1.003597102625576110e+00 -7.742295655375701635e-01 1.976260527570158076e-01
-3.451481043140163657e-02 -1.561902833016412195e+00 -4.901554021750436640e-01
-1.119996603441431260e+00 6.582766095583056920e-01 4.715073416275444851e-01
2.158396919307273842e-01 3.273666224932051949e-01 -1.049516063130497168e+00
-8.775521206021613674e-01 2.065227672225667666e-01 -2.404741613681622356e-02
-1.328070707170964759e+00 2.492210859673204826e-01 1.764967780416495602e+00
-3.690588173207325906e-01 8.838783830699611377e-01 1.151574139289530230e+00
2.761223315832661007e-01 -1.659056239734853222e-01 3.688249642973541742e-01
4.807134479193403420e-01 -1.490157340636049543e+00 1.590308937945505430e-01
-4.249933109706569567e-01 -2.017570492677279947e+00 -4.932738844189629157e-01
-1.570221839271805475e+00 -1.463156908059959127e+00 -2.213101345034358847e+00
-1.776489628205248028e+00 -5.229445862921773269e-01 -1.719945770627165249e+00
-8.993032175957658136e-01 -1.435855803802847719e+00 -1.392919596241843916e+00
-2.234841808723496914e+00 -1.754647971813088070e+00 -2.647454606431576707e+00
8.760851489624490451e-01 -1.463097853739455223e+00 -1.084760521318821169e+00
-1.241396877259735021e-01 -1.284266003336378636e+00 -3.008683377556333305e+00
-6.051811744441335517e-01 -1.828183807915068071e+00 -1.398183763591000384e+00
3.372049074917781164e-01 -7.625207494445146450e-02 -2.203977190007243792e+00
4.824351176132590791e-01 -2.099652241867710600e+00 -3.476113537611797533e+00
