-4.815767188766035267e-01 1.199994205937440356e-01
8.636630023569237258e-01 -6.641230090122410834e-01
3.174607491573366858e-01 8.165328480584058690e-01
-4.605335144720145157e-01 1.749189917642198999e+00
-6.289741778295409036e-01 -6.079227326521907671e-01
3.658090265793914608e-01 -1.898134294037525927e-01
-3.777046400573730867e-01 4.914681337204678258e-01
2.963134961504556575e-01 2.062880916608016146e-01
-5.748042523993993763e-02 1.088674416936853184e+00
-9.315215822651586874e-01 -8.202304589208668506e-03
-7.819847193179356726e-01 1.579328060363035968e+00
-1.847776502748196825e-01 1.061360903629847918e+00
1.635788700790684391e+00 1.115456689855722994e+00
1.157272955897880040e-01 -1.171873557121709597e+00
-3.276661641433762928e-01 2.360037403772664799e+00
1.121755705954452287e+00 -8.232063624156158443e-01
1.582863910390484019e+00 2.503475648554976951e-01
-2.941020466589346349e-01 -5.600019801212270387e-01
4.424151025895593503e-01 -4.907889426197791782e-01
-1.075666627361658301e-01 -1.389440029407414290e+00
