3.717595785170949019e-01 -2.495477854777957027e+00
-3.071568996409850261e+00 -4.024658495122991342e-01
9.603603069587115515e-01 5.866436799849190920e-02
-8.605730143000758225e-01 9.496115043251800170e-02
-1.831711449392961766e-01 6.877182316242801130e-02
8.677648483227311527e-01 -5.162772514813677993e-02
-4.266597223201823441e-01 1.774707467344744050e+00
2.979289884518901976e-01 1.118343511815080626e+00
4.628327438657840465e-01 1.314623804428829701e-01
-2.163361742769727980e-01 8.695732854993140637e-02
1.294309110069184365e+00 6.831396892069340199e-01
-4.300826882183044209e-01 1.161839180963026630e+00
5.139152477242091566e-01 -6.950504829935666429e-02
-2.947143067842264985e-01 -1.916407920485916072e-01
-5.899987066757754750e-01 -2.062641903701863288e+00
7.876434329241267518e-01 -1.311225385159367818e+00
-9.016472759423835859e-01 -6.403015739663753259e-01
-1.734500502720269566e+00 -5.218312852182798167e-01
-8.179215313606555959e-01 1.132956618733087506e+00
1.377456916224776728e+00 1.228197020749849599e+00
-7.140670298855451847e-02 -1.848628415393470670e+00
4.410995883236012438e-01 -4.591307677098840911e-01
9.019850259604144105e-01 1.221895517923315078e+00
-1.003968181562862327e-01 -1.121793718725209610e+00
2.006620514796566279e-01 1.411002953938577109e+00
-3.369961127777172383e-01 9.684063625826055954e-02
-5.331535884897873334e-01 -3.412331676877132791e-01
-1.691644115681560701e+00 1.582088534322999118e+00
-2.561604598028995872e-01 -5.042629887568428337e-01
6.849298515462498571e-02 -2.475675244136873732e-01
1.233908993154051170e-01 1.018567071012453251e+00
5.580921213911286261e-01 -8.059275513778060285e-01
-4.818728853404455892e-01 9.248952440864934843e-01
5.346112149949945325e-01 -1.130940520961508211e+00
-4.746195608747781347e-01 8.782521643961870295e-01
1.072084759783098029e+00 1.348976898956711079e-01
-2.264115045763630870e-03 8.843586959122710089e-01
2.860440313323367456e-01 3.519255468343934212e-01
-4.634527633489932685e-01 9.495747963584493245e-01
8.278698479290780288e-01 -9.296661399246278767e-01
-1.492047077410358469e+00 2.188470524459525723e+00
-1.503069076774170343e+00 -1.776377090857879315e+00
-4.070570868933764408e-01 -1.201691041268793114e+00
2.233143692136819458e-01 -2.963095938082894315e-02
1.773517199503138686e+00 1.505519775663590777e-02
-4.305900693405797508e-01 2.984494873132049197e-01
-4.176217391110856880e-01 1.664827499873352545e-01
9.345394550197783090e-01 -8.661465688382755657e-01
9.290736360609186395e-01 -7.371507635806809899e-01
-2.817535435752168138e-01 -7.203663321396136521e-01
-8.450320292083690621e-02 -1.495436152364469029e+00
-1.392439945081034303e+00 -1.715671123290864131e+00
-6.538222592740861039e-01 1.408538043760417580e+00
3.875539562736676213e-01 -8.523655286608516901e-01
-1.648482607845734416e+00 3.107556074966178472e-01
6.873951138739001210e-02 -8.769067263064201923e-01
9.880819683172884504e-01 4.572262251654807819e-01
3.756335560594212253e-01 2.210791929674739420e-01
-1.252652755550958674e-01 -1.586654518639795564e+00
6.599641437387833431e-02 1.070688556222128440e+00
-6.962795414382828840e-02 1.773841529254253091e+00
-4.559097921358470223e-02 -5.582394663211149854e-01
7.834557419445452586e-01 2.368470195578545878e-01
1.312599493586159349e+00 -7.619646288252708288e-01
-2.885663197242117062e-01 -2.650429161401678391e-01
-1.769601244493256287e-01 -8.413166689795577025e-01
-1.092044931996966894e-01 -1.045447326233951202e+00
-9.503427374170200226e-01 2.448008405803776821e-02
4.223747139396197281e-01 -1.390944263257444691e+00
-1.430630534304982715e-01 -1.995672636727119142e+00
6.137924495072613063e-01 -4.655896863495219140e-01
7.513460430727445516e-01 6.440405431676101689e-01
1.693017448803959268e-01 -1.937993205044384215e+00
-8.207357278348936802e-02 -3.263352246667953205e-01
5.880099467828049375e-01 6.734044455452652400e-01
9.205082717128534320e-01 -2.714033410009579761e+00
-1.005090943111501156e+00 -2.253341669525296687e-01
4.071590513282193347e-01 8.905634152933593617e-01
-8.593260175003170076e-02 5.876473933038010022e-01
-1.554176863628683236e+00 1.240438345369751783e-01
-9.308608998746040752e-01 -2.085040514626745889e-01
-1.482369688704486377e+00 1.400650888853875786e+00
2.731969080174859177e-01 1.427217585470356431e-01
-4.490830563140833093e-02 -1.249250107294608059e+00
1.665088907269536289e+00 8.722742944866622716e-01
-1.494616368888968871e+00 -1.500205727369808284e-01
2.166963601104657244e-01 -4.674795549641095338e-01
1.854773364820516690e-01 -4.023171911085383634e-01
-6.281472624175167274e-01 -1.866963853306565113e+00
1.376786384717172851e+00 -1.021997130806520521e-01
-8.232798477869274212e-01 4.854188959408000104e-01
1.261243637673810314e+00 -8.714986444397672116e-01
4.476698835780643648e-01 -2.814278467323511279e+00
1.330077088132040619e-01 3.579468296081564360e-01
-1.652325500581114034e-02 9.682731490931824059e-01
-1.741856859550768299e-01 7.581684447786902759e-01
1.054502010197710671e-01 -4.021820327075129597e-01
-1.170502636502167015e-01 6.630602220241125222e-01
-1.394797894309858677e+00 6.129671981557145433e-01
1.042619926384070972e+00 2.967739923789260437e-01
8.316692726858092577e-01 -2.858916323051589048e-01
-1.888709492907704457e-01 -1.983849160777287901e+00
-7.367805474179071057e-01 -2.495638221439186732e-01
8.182397758793691356e-01 -5.646520179098890591e-02
2.539793461344448389e-01 3.102926042820462471e-01
4.795198039510938370e-01 -3.125371982707229046e-01
-5.313534370398881324e-01 -2.729256706679381583e+00
-1.365604520329663840e+00 -7.077917572476083441e-01
4.228458058695039323e-01 2.860353340719174464e-01
-1.612479675174812943e+00 -1.909843747175421047e+00
-2.255907017626084254e+00 -5.399551512149226573e-01
-2.572859889684706580e+00 1.314050794001391465e+00
8.644602145284911998e-01 3.220162357061073788e-03
-3.257131935138372070e-01 -5.643509096835764849e-01
2.098313323060647939e-01 -1.092333696021482670e+00
-1.242778040770083248e+00 9.128157064182638170e-01
-3.765231787176434031e-01 -2.743501681947397297e-01
7.944858516906960766e-03 -1.115366565287264633e+00
-1.435094269944983569e+00 -7.851815422878104522e-01
8.134142545159948057e-01 -6.339720183049819546e-01
-3.162492115213036969e-01 -4.946403374817848753e-01
9.466913584335121534e-01 1.510033895658944747e+00
1.500191588234498941e+00 -1.308347034589828040e+00
-6.209830469768689021e-01 -1.666918711239462336e-02
-1.365690225865550111e+00 -1.787638766494998643e+00
2.334435118822616673e+00 1.667317833899327750e+00
1.253645239064841599e+00 -1.991495126899989865e+00
-8.884537288975321578e-01 5.933024438055993777e-01
-1.012203742312110188e+00 -2.208886747473635559e+00
5.626007799786847396e-01 -1.782901180884504111e+00
8.794591072448152413e-01 -2.051164250477478301e+00
7.053214334800547158e-01 -1.348101877317613884e+00
3.723246142177312201e-01 -1.010024548387812970e+00
1.130643876884687815e+00 -5.124878328943422989e-01
-3.801332411994169935e-01 7.350376469461401552e-01
1.445037548513278036e+00 -1.749392109794042582e+00
7.530127593107309725e-01 8.260811616632361964e-01
4.405117422291847662e-01 -1.482231498613884701e+00
5.798263254860927529e-02 -2.112483717487127155e+00
-1.372234891956174208e+00 -6.755239116605904481e-01
-3.806220225838859439e-01 -7.517169985307314839e-01
-1.097157008489409558e+00 -2.457930331733468032e-01
2.681226290992105854e-01 -6.474836436222392022e-01
1.490427873625457034e+00 -2.298121972547343184e+00
-9.229458049366890959e-01 -1.650298741401876823e+00
1.634163763990460705e+00 -4.841537656031930648e-01
7.114337114151704222e-01 -4.437800566012587988e-01
9.310599147982228097e-01 -1.290069224512335078e+00
9.114248787310605393e-02 -1.296953052615667623e+00
-5.790181986096396560e-01 4.976639375241119212e-01
6.308127581916739279e-01 -3.363047835075353986e-01
-5.895216286664608507e-01 3.151648893076418045e-01
5.544592721656937950e-01 4.009885666940926074e-01
4.254170456331264338e-01 -4.428600658746473240e-01
-4.562661706819151064e-01 -1.389941780179331676e+00
7.829564639349597677e-01 9.453642171613347855e-01
5.402524868658196144e-01 -4.708868709526701224e-01
2.392162513807722046e+00 -1.224467551914767416e-01
7.315978978914461361e-01 -1.005481278620632635e+00
9.145675345116006660e-01 2.361626863632905748e-01
5.511177831007133543e-01 5.563922564603922538e-01
2.206651287926391092e+00 -9.942095446589485075e-01
-6.805348587560313689e-01 3.750979641453599522e-01
7.294697804524763463e-01 -8.296361633024926796e-01
1.128651139633506828e+00 3.544717261815178433e-01
1.537585782212214980e+00 -8.554221326067270592e-01
5.079684419913255145e-02 4.263869840318603166e-01
-7.561548601657750446e-01 3.284387360359738994e-01
-8.751270871280183439e-01 5.237643305270174299e-01
-1.344260135961530711e+00 1.275011958380475541e+00
-6.810646513200012686e-01 -7.326828673197749442e-01
-4.134225182243631558e-01 -4.189704639055630842e-01
-1.602540541954678321e+00 3.331264511971468445e-01
-8.317645241534550316e-01 -2.020786539921082814e-01
-1.097647098839646951e+00 -3.867326943402586981e-01
8.904681057440169134e-01 -5.375396420146185683e-01
1.745792134722491118e-01 -1.500937156601184763e-01
8.070585788580630915e-01 -1.292706113044624683e+00
-5.481173846964316754e-01 -2.832638296596505789e+00
1.994420738725930786e-01 1.511427679303497529e+00
2.442129201078041822e-01 6.209886437365650380e-01
3.625919494348344152e-01 -1.849334916858654143e+00
1.833443891947429683e-01 2.776545327779680883e-01
-1.871581920085184092e-01 -2.209118059651880295e-01
-1.129660578972578655e+00 5.997905334086810480e-01
1.328996133374148902e+00 -1.190787426890474454e-01
-3.347802807654787216e-01 -3.220408180570594858e+00
9.532089883271095410e-01 7.187924991004088771e-01
-1.809412895045282355e+00 6.140388853063860619e-02
4.626886334468077733e-01 1.187818341540022971e+00
-1.434574422516909087e-01 3.258125219375468951e-01
-6.650255712086570181e-01 -5.636575024242784782e-01
5.735370411210362063e-01 -1.037446877548858781e-02
-6.568711187350894098e-01 -3.657661569264393231e-01
9.681280084361791882e-01 -1.088109309085944609e+00
-1.022571094349342236e+00 -2.255611218185908373e-01
-5.936193944323046034e-01 5.363583238086233607e-01
1.672088789890344984e-01 -4.446320832097795939e-01
-2.573488736622798756e-01 -4.773592968690902327e-01
-7.709042644363141017e-01 -1.779916878270388692e+00
